(kicad_pcb (version 20171130) (host pcbnew "(5.0.1)-3")

  (general
    (thickness 1.6)
    (drawings 7)
    (tracks 54)
    (zones 0)
    (modules 59)
    (nets 64)
  )

  (page A4)
  (layers
    (0 F.Cu signal)
    (31 B.Cu signal)
    (32 B.Adhes user hide)
    (33 F.Adhes user hide)
    (34 B.Paste user hide)
    (35 F.Paste user hide)
    (36 B.SilkS user)
    (37 F.SilkS user)
    (38 B.Mask user)
    (39 F.Mask user)
    (40 Dwgs.User user hide)
    (41 Cmts.User user)
    (42 Eco1.User user)
    (43 Eco2.User user)
    (44 Edge.Cuts user)
    (45 Margin user)
    (46 B.CrtYd user)
    (47 F.CrtYd user)
    (48 B.Fab user)
    (49 F.Fab user hide)
  )

  (setup
    (last_trace_width 0.25)
    (trace_clearance 0.2)
    (zone_clearance 0.508)
    (zone_45_only no)
    (trace_min 0.2)
    (segment_width 0.2)
    (edge_width 0.15)
    (via_size 0.8)
    (via_drill 0.4)
    (via_min_size 0.4)
    (via_min_drill 0.3)
    (uvia_size 0.3)
    (uvia_drill 0.1)
    (uvias_allowed no)
    (uvia_min_size 0.2)
    (uvia_min_drill 0.1)
    (pcb_text_width 0.3)
    (pcb_text_size 1.5 1.5)
    (mod_edge_width 0.15)
    (mod_text_size 0.000001 0.000001)
    (mod_text_width 0.15)
    (pad_size 1.4 1.4)
    (pad_drill 0.6)
    (pad_to_mask_clearance 0.03)
    (solder_mask_min_width 0.25)
    (aux_axis_origin 0 0)
    (visible_elements 7FFFFFFF)
    (pcbplotparams
      (layerselection 0x010fc_ffffffff)
      (usegerberextensions false)
      (usegerberattributes false)
      (usegerberadvancedattributes false)
      (creategerberjobfile false)
      (excludeedgelayer true)
      (linewidth 0.100000)
      (plotframeref false)
      (viasonmask false)
      (mode 1)
      (useauxorigin false)
      (hpglpennumber 1)
      (hpglpenspeed 20)
      (hpglpendiameter 15.000000)
      (psnegative false)
      (psa4output false)
      (plotreference true)
      (plotvalue true)
      (plotinvisibletext false)
      (padsonsilk false)
      (subtractmaskfromsilk false)
      (outputformat 1)
      (mirror false)
      (drillshape 1)
      (scaleselection 1)
      (outputdirectory ""))
  )

  (net 0 "")
  (net 1 GND)
  (net 2 +3V3)
  (net 3 +5V)
  (net 4 +12V)
  (net 5 /ROT_A)
  (net 6 /ROT_B)
  (net 7 "Net-(D3-Pad1)")
  (net 8 /LED_out1)
  (net 9 "Net-(D4-Pad2)")
  (net 10 /LED_out2)
  (net 11 "Net-(D5-Pad2)")
  (net 12 /Neopixel_unten)
  (net 13 /Neopixel_oben)
  (net 14 "Net-(J2-Pad5)")
  (net 15 "Net-(J2-Pad6)")
  (net 16 /EN)
  (net 17 /TX)
  (net 18 /RX)
  (net 19 /BOOT)
  (net 20 /U2RXD)
  (net 21 /U2TXD)
  (net 22 "Net-(J6-Pad6)")
  (net 23 "Net-(J6-Pad2)")
  (net 24 "Net-(J6-Pad1)")
  (net 25 "Net-(J6-Pad5)")
  (net 26 "Net-(J6-Pad4)")
  (net 27 "Net-(J6-Pad3)")
  (net 28 /IO26)
  (net 29 /IO25)
  (net 30 /IO33)
  (net 31 "Net-(Q1-Pad1)")
  (net 32 "Net-(Q2-Pad1)")
  (net 33 "Net-(R3-Pad1)")
  (net 34 "Net-(R4-Pad2)")
  (net 35 /SDA)
  (net 36 /SCL)
  (net 37 /ROT_SW)
  (net 38 "Net-(U1-Pad4)")
  (net 39 "Net-(U2-Pad23)")
  (net 40 "Net-(U3-Pad7)")
  (net 41 "Net-(U2-Pad16)")
  (net 42 "Net-(U3-Pad8)")
  (net 43 "Net-(U3-Pad5)")
  (net 44 "Net-(U3-Pad6)")
  (net 45 "Net-(U4-Pad5)")
  (net 46 "Net-(U4-Pad6)")
  (net 47 "Net-(U2-Pad4)")
  (net 48 "Net-(U2-Pad5)")
  (net 49 "Net-(U2-Pad6)")
  (net 50 "Net-(U2-Pad7)")
  (net 51 "Net-(U2-Pad8)")
  (net 52 "Net-(U2-Pad15)")
  (net 53 "Net-(U2-Pad17)")
  (net 54 "Net-(U2-Pad18)")
  (net 55 "Net-(U2-Pad19)")
  (net 56 "Net-(U2-Pad20)")
  (net 57 "Net-(U2-Pad21)")
  (net 58 "Net-(U2-Pad22)")
  (net 59 "Net-(U2-Pad24)")
  (net 60 "Net-(U2-Pad26)")
  (net 61 "Net-(U2-Pad29)")
  (net 62 "Net-(U2-Pad32)")
  (net 63 "Net-(U2-Pad37)")

  (net_class Default "This is the default net class."
    (clearance 0.2)
    (trace_width 0.25)
    (via_dia 0.8)
    (via_drill 0.4)
    (uvia_dia 0.3)
    (uvia_drill 0.1)
    (add_net /BOOT)
    (add_net /EN)
    (add_net /IO25)
    (add_net /IO26)
    (add_net /IO33)
    (add_net /LED_out1)
    (add_net /LED_out2)
    (add_net /Neopixel_oben)
    (add_net /Neopixel_unten)
    (add_net /ROT_A)
    (add_net /ROT_B)
    (add_net /ROT_SW)
    (add_net /RX)
    (add_net /SCL)
    (add_net /SDA)
    (add_net /TX)
    (add_net /U2RXD)
    (add_net /U2TXD)
    (add_net "Net-(D3-Pad1)")
    (add_net "Net-(D4-Pad2)")
    (add_net "Net-(D5-Pad2)")
    (add_net "Net-(J2-Pad5)")
    (add_net "Net-(J2-Pad6)")
    (add_net "Net-(J6-Pad1)")
    (add_net "Net-(J6-Pad2)")
    (add_net "Net-(J6-Pad3)")
    (add_net "Net-(J6-Pad4)")
    (add_net "Net-(J6-Pad5)")
    (add_net "Net-(J6-Pad6)")
    (add_net "Net-(Q1-Pad1)")
    (add_net "Net-(Q2-Pad1)")
    (add_net "Net-(R3-Pad1)")
    (add_net "Net-(R4-Pad2)")
    (add_net "Net-(U1-Pad4)")
    (add_net "Net-(U2-Pad15)")
    (add_net "Net-(U2-Pad16)")
    (add_net "Net-(U2-Pad17)")
    (add_net "Net-(U2-Pad18)")
    (add_net "Net-(U2-Pad19)")
    (add_net "Net-(U2-Pad20)")
    (add_net "Net-(U2-Pad21)")
    (add_net "Net-(U2-Pad22)")
    (add_net "Net-(U2-Pad23)")
    (add_net "Net-(U2-Pad24)")
    (add_net "Net-(U2-Pad26)")
    (add_net "Net-(U2-Pad29)")
    (add_net "Net-(U2-Pad32)")
    (add_net "Net-(U2-Pad37)")
    (add_net "Net-(U2-Pad4)")
    (add_net "Net-(U2-Pad5)")
    (add_net "Net-(U2-Pad6)")
    (add_net "Net-(U2-Pad7)")
    (add_net "Net-(U2-Pad8)")
    (add_net "Net-(U3-Pad5)")
    (add_net "Net-(U3-Pad6)")
    (add_net "Net-(U3-Pad7)")
    (add_net "Net-(U3-Pad8)")
    (add_net "Net-(U4-Pad5)")
    (add_net "Net-(U4-Pad6)")
  )

  (net_class XL ""
    (clearance 0.4)
    (trace_width 0.5)
    (via_dia 0.8)
    (via_drill 0.4)
    (uvia_dia 0.3)
    (uvia_drill 0.1)
    (add_net +12V)
    (add_net +3V3)
    (add_net +5V)
    (add_net GND)
  )

  (net_class XXL ""
    (clearance 0.4)
    (trace_width 2)
    (via_dia 0.8)
    (via_drill 0.4)
    (uvia_dia 0.3)
    (uvia_drill 0.1)
  )

  (module Package_TO_SOT_THT:TO-220-3_Vertical (layer F.Cu) (tedit 5AC8BA0D) (tstamp 5C050D20)
    (at 96.012 107.188 270)
    (descr "TO-220-3, Vertical, RM 2.54mm, see https://www.vishay.com/docs/66542/to-220-1.pdf")
    (tags "TO-220-3 Vertical RM 2.54mm")
    (path /5B35D739)
    (fp_text reference Q1 (at 2.54 -4.27 270) (layer F.SilkS)
      (effects (font (size 1 1) (thickness 0.15)))
    )
    (fp_text value IRF3708 (at 2.54 2.5 270) (layer F.Fab)
      (effects (font (size 1 1) (thickness 0.15)))
    )
    (fp_line (start -2.46 -3.15) (end -2.46 1.25) (layer F.Fab) (width 0.1))
    (fp_line (start -2.46 1.25) (end 7.54 1.25) (layer F.Fab) (width 0.1))
    (fp_line (start 7.54 1.25) (end 7.54 -3.15) (layer F.Fab) (width 0.1))
    (fp_line (start 7.54 -3.15) (end -2.46 -3.15) (layer F.Fab) (width 0.1))
    (fp_line (start -2.46 -1.88) (end 7.54 -1.88) (layer F.Fab) (width 0.1))
    (fp_line (start 0.69 -3.15) (end 0.69 -1.88) (layer F.Fab) (width 0.1))
    (fp_line (start 4.39 -3.15) (end 4.39 -1.88) (layer F.Fab) (width 0.1))
    (fp_line (start -2.58 -3.27) (end 7.66 -3.27) (layer F.SilkS) (width 0.12))
    (fp_line (start -2.58 1.371) (end 7.66 1.371) (layer F.SilkS) (width 0.12))
    (fp_line (start -2.58 -3.27) (end -2.58 1.371) (layer F.SilkS) (width 0.12))
    (fp_line (start 7.66 -3.27) (end 7.66 1.371) (layer F.SilkS) (width 0.12))
    (fp_line (start -2.58 -1.76) (end 7.66 -1.76) (layer F.SilkS) (width 0.12))
    (fp_line (start 0.69 -3.27) (end 0.69 -1.76) (layer F.SilkS) (width 0.12))
    (fp_line (start 4.391 -3.27) (end 4.391 -1.76) (layer F.SilkS) (width 0.12))
    (fp_line (start -2.71 -3.4) (end -2.71 1.51) (layer F.CrtYd) (width 0.05))
    (fp_line (start -2.71 1.51) (end 7.79 1.51) (layer F.CrtYd) (width 0.05))
    (fp_line (start 7.79 1.51) (end 7.79 -3.4) (layer F.CrtYd) (width 0.05))
    (fp_line (start 7.79 -3.4) (end -2.71 -3.4) (layer F.CrtYd) (width 0.05))
    (fp_text user %R (at 2.54 -4.27 270) (layer F.Fab)
      (effects (font (size 1 1) (thickness 0.15)))
    )
    (pad 1 thru_hole rect (at 0 0 270) (size 1.905 2) (drill 1.1) (layers *.Cu *.Mask)
      (net 31 "Net-(Q1-Pad1)"))
    (pad 2 thru_hole oval (at 2.54 0 270) (size 1.905 2) (drill 1.1) (layers *.Cu *.Mask)
      (net 8 /LED_out1))
    (pad 3 thru_hole oval (at 5.08 0 270) (size 1.905 2) (drill 1.1) (layers *.Cu *.Mask)
      (net 1 GND))
    (model ${KISYS3DMOD}/Package_TO_SOT_THT.3dshapes/TO-220-3_Vertical.wrl
      (at (xyz 0 0 0))
      (scale (xyz 1 1 1))
      (rotate (xyz 0 0 0))
    )
  )

  (module Package_DIP:DIP-12_W10.16mm_LongPads (layer F.Cu) (tedit 5A02E8C5) (tstamp 5C0FF3A8)
    (at 45.72 81.788)
    (descr "12-lead though-hole mounted DIP package, row spacing 10.16 mm (400 mils), LongPads")
    (tags "THT DIP DIL PDIP 2.54mm 10.16mm 400mil LongPads")
    (path /5BFF5A50)
    (fp_text reference U3 (at 5.08 -2.33) (layer F.SilkS)
      (effects (font (size 1 1) (thickness 0.15)))
    )
    (fp_text value LevelShifter (at 5.08 15.03) (layer F.Fab)
      (effects (font (size 1 1) (thickness 0.15)))
    )
    (fp_arc (start 5.08 -1.33) (end 4.08 -1.33) (angle -180) (layer F.SilkS) (width 0.12))
    (fp_line (start 2.905 -1.27) (end 8.255 -1.27) (layer F.Fab) (width 0.1))
    (fp_line (start 8.255 -1.27) (end 8.255 13.97) (layer F.Fab) (width 0.1))
    (fp_line (start 8.255 13.97) (end 1.905 13.97) (layer F.Fab) (width 0.1))
    (fp_line (start 1.905 13.97) (end 1.905 -0.27) (layer F.Fab) (width 0.1))
    (fp_line (start 1.905 -0.27) (end 2.905 -1.27) (layer F.Fab) (width 0.1))
    (fp_line (start 4.08 -1.33) (end 1.845 -1.33) (layer F.SilkS) (width 0.12))
    (fp_line (start 1.845 -1.33) (end 1.845 14.03) (layer F.SilkS) (width 0.12))
    (fp_line (start 1.845 14.03) (end 8.315 14.03) (layer F.SilkS) (width 0.12))
    (fp_line (start 8.315 14.03) (end 8.315 -1.33) (layer F.SilkS) (width 0.12))
    (fp_line (start 8.315 -1.33) (end 6.08 -1.33) (layer F.SilkS) (width 0.12))
    (fp_line (start -1.5 -1.55) (end -1.5 14.25) (layer F.CrtYd) (width 0.05))
    (fp_line (start -1.5 14.25) (end 11.65 14.25) (layer F.CrtYd) (width 0.05))
    (fp_line (start 11.65 14.25) (end 11.65 -1.55) (layer F.CrtYd) (width 0.05))
    (fp_line (start 11.65 -1.55) (end -1.5 -1.55) (layer F.CrtYd) (width 0.05))
    (fp_text user %R (at 5.08 6.35) (layer F.Fab)
      (effects (font (size 1 1) (thickness 0.15)))
    )
    (pad 1 thru_hole rect (at 0 0) (size 2.4 1.6) (drill 0.8) (layers *.Cu *.Mask)
      (net 39 "Net-(U2-Pad23)"))
    (pad 7 thru_hole oval (at 10.16 12.7) (size 2.4 1.6) (drill 0.8) (layers *.Cu *.Mask)
      (net 40 "Net-(U3-Pad7)"))
    (pad 2 thru_hole oval (at 0 2.54) (size 2.4 1.6) (drill 0.8) (layers *.Cu *.Mask)
      (net 41 "Net-(U2-Pad16)"))
    (pad 8 thru_hole oval (at 10.16 10.16) (size 2.4 1.6) (drill 0.8) (layers *.Cu *.Mask)
      (net 42 "Net-(U3-Pad8)"))
    (pad 3 thru_hole oval (at 0 5.08) (size 2.4 1.6) (drill 0.8) (layers *.Cu *.Mask)
      (net 2 +3V3))
    (pad 9 thru_hole oval (at 10.16 7.62) (size 2.4 1.6) (drill 0.8) (layers *.Cu *.Mask)
      (net 1 GND))
    (pad 4 thru_hole oval (at 0 7.62) (size 2.4 1.6) (drill 0.8) (layers *.Cu *.Mask)
      (net 1 GND))
    (pad 10 thru_hole oval (at 10.16 5.08) (size 2.4 1.6) (drill 0.8) (layers *.Cu *.Mask)
      (net 4 +12V))
    (pad 5 thru_hole oval (at 0 10.16) (size 2.4 1.6) (drill 0.8) (layers *.Cu *.Mask)
      (net 43 "Net-(U3-Pad5)"))
    (pad 11 thru_hole oval (at 10.16 2.54) (size 2.4 1.6) (drill 0.8) (layers *.Cu *.Mask)
      (net 34 "Net-(R4-Pad2)"))
    (pad 6 thru_hole oval (at 0 12.7) (size 2.4 1.6) (drill 0.8) (layers *.Cu *.Mask)
      (net 44 "Net-(U3-Pad6)"))
    (pad 12 thru_hole oval (at 10.16 0) (size 2.4 1.6) (drill 0.8) (layers *.Cu *.Mask)
      (net 33 "Net-(R3-Pad1)"))
    (model ${KISYS3DMOD}/Package_DIP.3dshapes/DIP-12_W10.16mm.wrl
      (at (xyz 0 0 0))
      (scale (xyz 1 1 1))
      (rotate (xyz 0 0 0))
    )
  )

  (module Capacitor_SMD:C_1206_3216Metric_Pad1.42x1.75mm_HandSolder (layer F.Cu) (tedit 5B301BBE) (tstamp 5C050A35)
    (at 10.041001 48.929001)
    (descr "Capacitor SMD 1206 (3216 Metric), square (rectangular) end terminal, IPC_7351 nominal with elongated pad for handsoldering. (Body size source: http://www.tortai-tech.com/upload/download/2011102023233369053.pdf), generated with kicad-footprint-generator")
    (tags "capacitor handsolder")
    (path /5B33A015)
    (attr smd)
    (fp_text reference C1 (at 0 -1.82) (layer F.SilkS)
      (effects (font (size 1 1) (thickness 0.15)))
    )
    (fp_text value 1u (at 0 1.82) (layer F.Fab)
      (effects (font (size 1 1) (thickness 0.15)))
    )
    (fp_line (start -1.6 0.8) (end -1.6 -0.8) (layer F.Fab) (width 0.1))
    (fp_line (start -1.6 -0.8) (end 1.6 -0.8) (layer F.Fab) (width 0.1))
    (fp_line (start 1.6 -0.8) (end 1.6 0.8) (layer F.Fab) (width 0.1))
    (fp_line (start 1.6 0.8) (end -1.6 0.8) (layer F.Fab) (width 0.1))
    (fp_line (start -0.602064 -0.91) (end 0.602064 -0.91) (layer F.SilkS) (width 0.12))
    (fp_line (start -0.602064 0.91) (end 0.602064 0.91) (layer F.SilkS) (width 0.12))
    (fp_line (start -2.45 1.12) (end -2.45 -1.12) (layer F.CrtYd) (width 0.05))
    (fp_line (start -2.45 -1.12) (end 2.45 -1.12) (layer F.CrtYd) (width 0.05))
    (fp_line (start 2.45 -1.12) (end 2.45 1.12) (layer F.CrtYd) (width 0.05))
    (fp_line (start 2.45 1.12) (end -2.45 1.12) (layer F.CrtYd) (width 0.05))
    (fp_text user %R (at 0 0) (layer F.Fab)
      (effects (font (size 0.8 0.8) (thickness 0.12)))
    )
    (pad 1 smd roundrect (at -1.4875 0) (size 1.425 1.75) (layers F.Cu F.Paste F.Mask) (roundrect_rratio 0.175439)
      (net 1 GND))
    (pad 2 smd roundrect (at 1.4875 0) (size 1.425 1.75) (layers F.Cu F.Paste F.Mask) (roundrect_rratio 0.175439)
      (net 2 +3V3))
    (model ${KISYS3DMOD}/Capacitor_SMD.3dshapes/C_1206_3216Metric.wrl
      (at (xyz 0 0 0))
      (scale (xyz 1 1 1))
      (rotate (xyz 0 0 0))
    )
  )

  (module Capacitor_SMD:C_1206_3216Metric_Pad1.42x1.75mm_HandSolder (layer F.Cu) (tedit 5B301BBE) (tstamp 5C050A46)
    (at 23.457001 114.701001)
    (descr "Capacitor SMD 1206 (3216 Metric), square (rectangular) end terminal, IPC_7351 nominal with elongated pad for handsoldering. (Body size source: http://www.tortai-tech.com/upload/download/2011102023233369053.pdf), generated with kicad-footprint-generator")
    (tags "capacitor handsolder")
    (path /5B3392D3)
    (attr smd)
    (fp_text reference C2 (at 0 -1.82) (layer F.SilkS)
      (effects (font (size 1 1) (thickness 0.15)))
    )
    (fp_text value 10u (at 0 1.82) (layer F.Fab)
      (effects (font (size 1 1) (thickness 0.15)))
    )
    (fp_text user %R (at 0 0) (layer F.Fab)
      (effects (font (size 0.8 0.8) (thickness 0.12)))
    )
    (fp_line (start 2.45 1.12) (end -2.45 1.12) (layer F.CrtYd) (width 0.05))
    (fp_line (start 2.45 -1.12) (end 2.45 1.12) (layer F.CrtYd) (width 0.05))
    (fp_line (start -2.45 -1.12) (end 2.45 -1.12) (layer F.CrtYd) (width 0.05))
    (fp_line (start -2.45 1.12) (end -2.45 -1.12) (layer F.CrtYd) (width 0.05))
    (fp_line (start -0.602064 0.91) (end 0.602064 0.91) (layer F.SilkS) (width 0.12))
    (fp_line (start -0.602064 -0.91) (end 0.602064 -0.91) (layer F.SilkS) (width 0.12))
    (fp_line (start 1.6 0.8) (end -1.6 0.8) (layer F.Fab) (width 0.1))
    (fp_line (start 1.6 -0.8) (end 1.6 0.8) (layer F.Fab) (width 0.1))
    (fp_line (start -1.6 -0.8) (end 1.6 -0.8) (layer F.Fab) (width 0.1))
    (fp_line (start -1.6 0.8) (end -1.6 -0.8) (layer F.Fab) (width 0.1))
    (pad 2 smd roundrect (at 1.4875 0) (size 1.425 1.75) (layers F.Cu F.Paste F.Mask) (roundrect_rratio 0.175439)
      (net 1 GND))
    (pad 1 smd roundrect (at -1.4875 0) (size 1.425 1.75) (layers F.Cu F.Paste F.Mask) (roundrect_rratio 0.175439)
      (net 3 +5V))
    (model ${KISYS3DMOD}/Capacitor_SMD.3dshapes/C_1206_3216Metric.wrl
      (at (xyz 0 0 0))
      (scale (xyz 1 1 1))
      (rotate (xyz 0 0 0))
    )
  )

  (module Capacitor_SMD:C_1206_3216Metric_Pad1.42x1.75mm_HandSolder (layer F.Cu) (tedit 5B301BBE) (tstamp 5C050A57)
    (at 33.327001 98.281001)
    (descr "Capacitor SMD 1206 (3216 Metric), square (rectangular) end terminal, IPC_7351 nominal with elongated pad for handsoldering. (Body size source: http://www.tortai-tech.com/upload/download/2011102023233369053.pdf), generated with kicad-footprint-generator")
    (tags "capacitor handsolder")
    (path /5B33B7F4)
    (attr smd)
    (fp_text reference C3 (at 0 -1.82) (layer F.SilkS)
      (effects (font (size 1 1) (thickness 0.15)))
    )
    (fp_text value 100n (at 0 1.82) (layer F.Fab)
      (effects (font (size 1 1) (thickness 0.15)))
    )
    (fp_text user %R (at 0 0) (layer F.Fab)
      (effects (font (size 0.8 0.8) (thickness 0.12)))
    )
    (fp_line (start 2.45 1.12) (end -2.45 1.12) (layer F.CrtYd) (width 0.05))
    (fp_line (start 2.45 -1.12) (end 2.45 1.12) (layer F.CrtYd) (width 0.05))
    (fp_line (start -2.45 -1.12) (end 2.45 -1.12) (layer F.CrtYd) (width 0.05))
    (fp_line (start -2.45 1.12) (end -2.45 -1.12) (layer F.CrtYd) (width 0.05))
    (fp_line (start -0.602064 0.91) (end 0.602064 0.91) (layer F.SilkS) (width 0.12))
    (fp_line (start -0.602064 -0.91) (end 0.602064 -0.91) (layer F.SilkS) (width 0.12))
    (fp_line (start 1.6 0.8) (end -1.6 0.8) (layer F.Fab) (width 0.1))
    (fp_line (start 1.6 -0.8) (end 1.6 0.8) (layer F.Fab) (width 0.1))
    (fp_line (start -1.6 -0.8) (end 1.6 -0.8) (layer F.Fab) (width 0.1))
    (fp_line (start -1.6 0.8) (end -1.6 -0.8) (layer F.Fab) (width 0.1))
    (pad 2 smd roundrect (at 1.4875 0) (size 1.425 1.75) (layers F.Cu F.Paste F.Mask) (roundrect_rratio 0.175439)
      (net 2 +3V3))
    (pad 1 smd roundrect (at -1.4875 0) (size 1.425 1.75) (layers F.Cu F.Paste F.Mask) (roundrect_rratio 0.175439)
      (net 1 GND))
    (model ${KISYS3DMOD}/Capacitor_SMD.3dshapes/C_1206_3216Metric.wrl
      (at (xyz 0 0 0))
      (scale (xyz 1 1 1))
      (rotate (xyz 0 0 0))
    )
  )

  (module Capacitor_THT:CP_Radial_D7.5mm_P2.50mm (layer F.Cu) (tedit 5AE50EF0) (tstamp 5C102CA1)
    (at 87.376 117.348 90)
    (descr "CP, Radial series, Radial, pin pitch=2.50mm, , diameter=7.5mm, Electrolytic Capacitor")
    (tags "CP Radial series Radial pin pitch 2.50mm  diameter 7.5mm Electrolytic Capacitor")
    (path /5C068871)
    (fp_text reference C4 (at 1.25 -5 90) (layer F.SilkS)
      (effects (font (size 1 1) (thickness 0.15)))
    )
    (fp_text value 100uF (at 1.25 5 90) (layer F.Fab)
      (effects (font (size 1 1) (thickness 0.15)))
    )
    (fp_circle (center 1.25 0) (end 5 0) (layer F.Fab) (width 0.1))
    (fp_circle (center 1.25 0) (end 5.12 0) (layer F.SilkS) (width 0.12))
    (fp_circle (center 1.25 0) (end 5.25 0) (layer F.CrtYd) (width 0.05))
    (fp_line (start -1.961233 -1.6375) (end -1.211233 -1.6375) (layer F.Fab) (width 0.1))
    (fp_line (start -1.586233 -2.0125) (end -1.586233 -1.2625) (layer F.Fab) (width 0.1))
    (fp_line (start 1.25 -3.83) (end 1.25 3.83) (layer F.SilkS) (width 0.12))
    (fp_line (start 1.29 -3.83) (end 1.29 3.83) (layer F.SilkS) (width 0.12))
    (fp_line (start 1.33 -3.83) (end 1.33 3.83) (layer F.SilkS) (width 0.12))
    (fp_line (start 1.37 -3.829) (end 1.37 3.829) (layer F.SilkS) (width 0.12))
    (fp_line (start 1.41 -3.827) (end 1.41 3.827) (layer F.SilkS) (width 0.12))
    (fp_line (start 1.45 -3.825) (end 1.45 3.825) (layer F.SilkS) (width 0.12))
    (fp_line (start 1.49 -3.823) (end 1.49 -1.04) (layer F.SilkS) (width 0.12))
    (fp_line (start 1.49 1.04) (end 1.49 3.823) (layer F.SilkS) (width 0.12))
    (fp_line (start 1.53 -3.82) (end 1.53 -1.04) (layer F.SilkS) (width 0.12))
    (fp_line (start 1.53 1.04) (end 1.53 3.82) (layer F.SilkS) (width 0.12))
    (fp_line (start 1.57 -3.817) (end 1.57 -1.04) (layer F.SilkS) (width 0.12))
    (fp_line (start 1.57 1.04) (end 1.57 3.817) (layer F.SilkS) (width 0.12))
    (fp_line (start 1.61 -3.814) (end 1.61 -1.04) (layer F.SilkS) (width 0.12))
    (fp_line (start 1.61 1.04) (end 1.61 3.814) (layer F.SilkS) (width 0.12))
    (fp_line (start 1.65 -3.81) (end 1.65 -1.04) (layer F.SilkS) (width 0.12))
    (fp_line (start 1.65 1.04) (end 1.65 3.81) (layer F.SilkS) (width 0.12))
    (fp_line (start 1.69 -3.805) (end 1.69 -1.04) (layer F.SilkS) (width 0.12))
    (fp_line (start 1.69 1.04) (end 1.69 3.805) (layer F.SilkS) (width 0.12))
    (fp_line (start 1.73 -3.801) (end 1.73 -1.04) (layer F.SilkS) (width 0.12))
    (fp_line (start 1.73 1.04) (end 1.73 3.801) (layer F.SilkS) (width 0.12))
    (fp_line (start 1.77 -3.795) (end 1.77 -1.04) (layer F.SilkS) (width 0.12))
    (fp_line (start 1.77 1.04) (end 1.77 3.795) (layer F.SilkS) (width 0.12))
    (fp_line (start 1.81 -3.79) (end 1.81 -1.04) (layer F.SilkS) (width 0.12))
    (fp_line (start 1.81 1.04) (end 1.81 3.79) (layer F.SilkS) (width 0.12))
    (fp_line (start 1.85 -3.784) (end 1.85 -1.04) (layer F.SilkS) (width 0.12))
    (fp_line (start 1.85 1.04) (end 1.85 3.784) (layer F.SilkS) (width 0.12))
    (fp_line (start 1.89 -3.777) (end 1.89 -1.04) (layer F.SilkS) (width 0.12))
    (fp_line (start 1.89 1.04) (end 1.89 3.777) (layer F.SilkS) (width 0.12))
    (fp_line (start 1.93 -3.77) (end 1.93 -1.04) (layer F.SilkS) (width 0.12))
    (fp_line (start 1.93 1.04) (end 1.93 3.77) (layer F.SilkS) (width 0.12))
    (fp_line (start 1.971 -3.763) (end 1.971 -1.04) (layer F.SilkS) (width 0.12))
    (fp_line (start 1.971 1.04) (end 1.971 3.763) (layer F.SilkS) (width 0.12))
    (fp_line (start 2.011 -3.755) (end 2.011 -1.04) (layer F.SilkS) (width 0.12))
    (fp_line (start 2.011 1.04) (end 2.011 3.755) (layer F.SilkS) (width 0.12))
    (fp_line (start 2.051 -3.747) (end 2.051 -1.04) (layer F.SilkS) (width 0.12))
    (fp_line (start 2.051 1.04) (end 2.051 3.747) (layer F.SilkS) (width 0.12))
    (fp_line (start 2.091 -3.738) (end 2.091 -1.04) (layer F.SilkS) (width 0.12))
    (fp_line (start 2.091 1.04) (end 2.091 3.738) (layer F.SilkS) (width 0.12))
    (fp_line (start 2.131 -3.729) (end 2.131 -1.04) (layer F.SilkS) (width 0.12))
    (fp_line (start 2.131 1.04) (end 2.131 3.729) (layer F.SilkS) (width 0.12))
    (fp_line (start 2.171 -3.72) (end 2.171 -1.04) (layer F.SilkS) (width 0.12))
    (fp_line (start 2.171 1.04) (end 2.171 3.72) (layer F.SilkS) (width 0.12))
    (fp_line (start 2.211 -3.71) (end 2.211 -1.04) (layer F.SilkS) (width 0.12))
    (fp_line (start 2.211 1.04) (end 2.211 3.71) (layer F.SilkS) (width 0.12))
    (fp_line (start 2.251 -3.699) (end 2.251 -1.04) (layer F.SilkS) (width 0.12))
    (fp_line (start 2.251 1.04) (end 2.251 3.699) (layer F.SilkS) (width 0.12))
    (fp_line (start 2.291 -3.688) (end 2.291 -1.04) (layer F.SilkS) (width 0.12))
    (fp_line (start 2.291 1.04) (end 2.291 3.688) (layer F.SilkS) (width 0.12))
    (fp_line (start 2.331 -3.677) (end 2.331 -1.04) (layer F.SilkS) (width 0.12))
    (fp_line (start 2.331 1.04) (end 2.331 3.677) (layer F.SilkS) (width 0.12))
    (fp_line (start 2.371 -3.665) (end 2.371 -1.04) (layer F.SilkS) (width 0.12))
    (fp_line (start 2.371 1.04) (end 2.371 3.665) (layer F.SilkS) (width 0.12))
    (fp_line (start 2.411 -3.653) (end 2.411 -1.04) (layer F.SilkS) (width 0.12))
    (fp_line (start 2.411 1.04) (end 2.411 3.653) (layer F.SilkS) (width 0.12))
    (fp_line (start 2.451 -3.64) (end 2.451 -1.04) (layer F.SilkS) (width 0.12))
    (fp_line (start 2.451 1.04) (end 2.451 3.64) (layer F.SilkS) (width 0.12))
    (fp_line (start 2.491 -3.626) (end 2.491 -1.04) (layer F.SilkS) (width 0.12))
    (fp_line (start 2.491 1.04) (end 2.491 3.626) (layer F.SilkS) (width 0.12))
    (fp_line (start 2.531 -3.613) (end 2.531 -1.04) (layer F.SilkS) (width 0.12))
    (fp_line (start 2.531 1.04) (end 2.531 3.613) (layer F.SilkS) (width 0.12))
    (fp_line (start 2.571 -3.598) (end 2.571 -1.04) (layer F.SilkS) (width 0.12))
    (fp_line (start 2.571 1.04) (end 2.571 3.598) (layer F.SilkS) (width 0.12))
    (fp_line (start 2.611 -3.584) (end 2.611 -1.04) (layer F.SilkS) (width 0.12))
    (fp_line (start 2.611 1.04) (end 2.611 3.584) (layer F.SilkS) (width 0.12))
    (fp_line (start 2.651 -3.568) (end 2.651 -1.04) (layer F.SilkS) (width 0.12))
    (fp_line (start 2.651 1.04) (end 2.651 3.568) (layer F.SilkS) (width 0.12))
    (fp_line (start 2.691 -3.553) (end 2.691 -1.04) (layer F.SilkS) (width 0.12))
    (fp_line (start 2.691 1.04) (end 2.691 3.553) (layer F.SilkS) (width 0.12))
    (fp_line (start 2.731 -3.536) (end 2.731 -1.04) (layer F.SilkS) (width 0.12))
    (fp_line (start 2.731 1.04) (end 2.731 3.536) (layer F.SilkS) (width 0.12))
    (fp_line (start 2.771 -3.52) (end 2.771 -1.04) (layer F.SilkS) (width 0.12))
    (fp_line (start 2.771 1.04) (end 2.771 3.52) (layer F.SilkS) (width 0.12))
    (fp_line (start 2.811 -3.502) (end 2.811 -1.04) (layer F.SilkS) (width 0.12))
    (fp_line (start 2.811 1.04) (end 2.811 3.502) (layer F.SilkS) (width 0.12))
    (fp_line (start 2.851 -3.484) (end 2.851 -1.04) (layer F.SilkS) (width 0.12))
    (fp_line (start 2.851 1.04) (end 2.851 3.484) (layer F.SilkS) (width 0.12))
    (fp_line (start 2.891 -3.466) (end 2.891 -1.04) (layer F.SilkS) (width 0.12))
    (fp_line (start 2.891 1.04) (end 2.891 3.466) (layer F.SilkS) (width 0.12))
    (fp_line (start 2.931 -3.447) (end 2.931 -1.04) (layer F.SilkS) (width 0.12))
    (fp_line (start 2.931 1.04) (end 2.931 3.447) (layer F.SilkS) (width 0.12))
    (fp_line (start 2.971 -3.427) (end 2.971 -1.04) (layer F.SilkS) (width 0.12))
    (fp_line (start 2.971 1.04) (end 2.971 3.427) (layer F.SilkS) (width 0.12))
    (fp_line (start 3.011 -3.407) (end 3.011 -1.04) (layer F.SilkS) (width 0.12))
    (fp_line (start 3.011 1.04) (end 3.011 3.407) (layer F.SilkS) (width 0.12))
    (fp_line (start 3.051 -3.386) (end 3.051 -1.04) (layer F.SilkS) (width 0.12))
    (fp_line (start 3.051 1.04) (end 3.051 3.386) (layer F.SilkS) (width 0.12))
    (fp_line (start 3.091 -3.365) (end 3.091 -1.04) (layer F.SilkS) (width 0.12))
    (fp_line (start 3.091 1.04) (end 3.091 3.365) (layer F.SilkS) (width 0.12))
    (fp_line (start 3.131 -3.343) (end 3.131 -1.04) (layer F.SilkS) (width 0.12))
    (fp_line (start 3.131 1.04) (end 3.131 3.343) (layer F.SilkS) (width 0.12))
    (fp_line (start 3.171 -3.321) (end 3.171 -1.04) (layer F.SilkS) (width 0.12))
    (fp_line (start 3.171 1.04) (end 3.171 3.321) (layer F.SilkS) (width 0.12))
    (fp_line (start 3.211 -3.297) (end 3.211 -1.04) (layer F.SilkS) (width 0.12))
    (fp_line (start 3.211 1.04) (end 3.211 3.297) (layer F.SilkS) (width 0.12))
    (fp_line (start 3.251 -3.274) (end 3.251 -1.04) (layer F.SilkS) (width 0.12))
    (fp_line (start 3.251 1.04) (end 3.251 3.274) (layer F.SilkS) (width 0.12))
    (fp_line (start 3.291 -3.249) (end 3.291 -1.04) (layer F.SilkS) (width 0.12))
    (fp_line (start 3.291 1.04) (end 3.291 3.249) (layer F.SilkS) (width 0.12))
    (fp_line (start 3.331 -3.224) (end 3.331 -1.04) (layer F.SilkS) (width 0.12))
    (fp_line (start 3.331 1.04) (end 3.331 3.224) (layer F.SilkS) (width 0.12))
    (fp_line (start 3.371 -3.198) (end 3.371 -1.04) (layer F.SilkS) (width 0.12))
    (fp_line (start 3.371 1.04) (end 3.371 3.198) (layer F.SilkS) (width 0.12))
    (fp_line (start 3.411 -3.172) (end 3.411 -1.04) (layer F.SilkS) (width 0.12))
    (fp_line (start 3.411 1.04) (end 3.411 3.172) (layer F.SilkS) (width 0.12))
    (fp_line (start 3.451 -3.144) (end 3.451 -1.04) (layer F.SilkS) (width 0.12))
    (fp_line (start 3.451 1.04) (end 3.451 3.144) (layer F.SilkS) (width 0.12))
    (fp_line (start 3.491 -3.116) (end 3.491 -1.04) (layer F.SilkS) (width 0.12))
    (fp_line (start 3.491 1.04) (end 3.491 3.116) (layer F.SilkS) (width 0.12))
    (fp_line (start 3.531 -3.088) (end 3.531 -1.04) (layer F.SilkS) (width 0.12))
    (fp_line (start 3.531 1.04) (end 3.531 3.088) (layer F.SilkS) (width 0.12))
    (fp_line (start 3.571 -3.058) (end 3.571 3.058) (layer F.SilkS) (width 0.12))
    (fp_line (start 3.611 -3.028) (end 3.611 3.028) (layer F.SilkS) (width 0.12))
    (fp_line (start 3.651 -2.996) (end 3.651 2.996) (layer F.SilkS) (width 0.12))
    (fp_line (start 3.691 -2.964) (end 3.691 2.964) (layer F.SilkS) (width 0.12))
    (fp_line (start 3.731 -2.931) (end 3.731 2.931) (layer F.SilkS) (width 0.12))
    (fp_line (start 3.771 -2.898) (end 3.771 2.898) (layer F.SilkS) (width 0.12))
    (fp_line (start 3.811 -2.863) (end 3.811 2.863) (layer F.SilkS) (width 0.12))
    (fp_line (start 3.851 -2.827) (end 3.851 2.827) (layer F.SilkS) (width 0.12))
    (fp_line (start 3.891 -2.79) (end 3.891 2.79) (layer F.SilkS) (width 0.12))
    (fp_line (start 3.931 -2.752) (end 3.931 2.752) (layer F.SilkS) (width 0.12))
    (fp_line (start 3.971 -2.713) (end 3.971 2.713) (layer F.SilkS) (width 0.12))
    (fp_line (start 4.011 -2.673) (end 4.011 2.673) (layer F.SilkS) (width 0.12))
    (fp_line (start 4.051 -2.632) (end 4.051 2.632) (layer F.SilkS) (width 0.12))
    (fp_line (start 4.091 -2.589) (end 4.091 2.589) (layer F.SilkS) (width 0.12))
    (fp_line (start 4.131 -2.546) (end 4.131 2.546) (layer F.SilkS) (width 0.12))
    (fp_line (start 4.171 -2.5) (end 4.171 2.5) (layer F.SilkS) (width 0.12))
    (fp_line (start 4.211 -2.454) (end 4.211 2.454) (layer F.SilkS) (width 0.12))
    (fp_line (start 4.251 -2.405) (end 4.251 2.405) (layer F.SilkS) (width 0.12))
    (fp_line (start 4.291 -2.355) (end 4.291 2.355) (layer F.SilkS) (width 0.12))
    (fp_line (start 4.331 -2.304) (end 4.331 2.304) (layer F.SilkS) (width 0.12))
    (fp_line (start 4.371 -2.25) (end 4.371 2.25) (layer F.SilkS) (width 0.12))
    (fp_line (start 4.411 -2.195) (end 4.411 2.195) (layer F.SilkS) (width 0.12))
    (fp_line (start 4.451 -2.137) (end 4.451 2.137) (layer F.SilkS) (width 0.12))
    (fp_line (start 4.491 -2.077) (end 4.491 2.077) (layer F.SilkS) (width 0.12))
    (fp_line (start 4.531 -2.014) (end 4.531 2.014) (layer F.SilkS) (width 0.12))
    (fp_line (start 4.571 -1.949) (end 4.571 1.949) (layer F.SilkS) (width 0.12))
    (fp_line (start 4.611 -1.881) (end 4.611 1.881) (layer F.SilkS) (width 0.12))
    (fp_line (start 4.651 -1.809) (end 4.651 1.809) (layer F.SilkS) (width 0.12))
    (fp_line (start 4.691 -1.733) (end 4.691 1.733) (layer F.SilkS) (width 0.12))
    (fp_line (start 4.731 -1.654) (end 4.731 1.654) (layer F.SilkS) (width 0.12))
    (fp_line (start 4.771 -1.569) (end 4.771 1.569) (layer F.SilkS) (width 0.12))
    (fp_line (start 4.811 -1.478) (end 4.811 1.478) (layer F.SilkS) (width 0.12))
    (fp_line (start 4.851 -1.381) (end 4.851 1.381) (layer F.SilkS) (width 0.12))
    (fp_line (start 4.891 -1.275) (end 4.891 1.275) (layer F.SilkS) (width 0.12))
    (fp_line (start 4.931 -1.158) (end 4.931 1.158) (layer F.SilkS) (width 0.12))
    (fp_line (start 4.971 -1.028) (end 4.971 1.028) (layer F.SilkS) (width 0.12))
    (fp_line (start 5.011 -0.877) (end 5.011 0.877) (layer F.SilkS) (width 0.12))
    (fp_line (start 5.051 -0.693) (end 5.051 0.693) (layer F.SilkS) (width 0.12))
    (fp_line (start 5.091 -0.441) (end 5.091 0.441) (layer F.SilkS) (width 0.12))
    (fp_line (start -2.892211 -2.175) (end -2.142211 -2.175) (layer F.SilkS) (width 0.12))
    (fp_line (start -2.517211 -2.55) (end -2.517211 -1.8) (layer F.SilkS) (width 0.12))
    (fp_text user %R (at 1.25 0 90) (layer F.Fab)
      (effects (font (size 1 1) (thickness 0.15)))
    )
    (pad 1 thru_hole rect (at 0 0 90) (size 1.6 1.6) (drill 0.8) (layers *.Cu *.Mask)
      (net 4 +12V))
    (pad 2 thru_hole circle (at 2.5 0 90) (size 1.6 1.6) (drill 0.8) (layers *.Cu *.Mask)
      (net 1 GND))
    (model ${KISYS3DMOD}/Capacitor_THT.3dshapes/CP_Radial_D7.5mm_P2.50mm.wrl
      (at (xyz 0 0 0))
      (scale (xyz 1 1 1))
      (rotate (xyz 0 0 0))
    )
  )

  (module Capacitor_SMD:C_1206_3216Metric_Pad1.42x1.75mm_HandSolder (layer F.Cu) (tedit 5B301BBE) (tstamp 5C050B0B)
    (at 26.747001 102.801001)
    (descr "Capacitor SMD 1206 (3216 Metric), square (rectangular) end terminal, IPC_7351 nominal with elongated pad for handsoldering. (Body size source: http://www.tortai-tech.com/upload/download/2011102023233369053.pdf), generated with kicad-footprint-generator")
    (tags "capacitor handsolder")
    (path /5B3392F5)
    (attr smd)
    (fp_text reference C5 (at 0 -1.82) (layer F.SilkS)
      (effects (font (size 1 1) (thickness 0.15)))
    )
    (fp_text value 10u (at 0 1.82) (layer F.Fab)
      (effects (font (size 1 1) (thickness 0.15)))
    )
    (fp_text user %R (at 0 0) (layer F.Fab)
      (effects (font (size 0.8 0.8) (thickness 0.12)))
    )
    (fp_line (start 2.45 1.12) (end -2.45 1.12) (layer F.CrtYd) (width 0.05))
    (fp_line (start 2.45 -1.12) (end 2.45 1.12) (layer F.CrtYd) (width 0.05))
    (fp_line (start -2.45 -1.12) (end 2.45 -1.12) (layer F.CrtYd) (width 0.05))
    (fp_line (start -2.45 1.12) (end -2.45 -1.12) (layer F.CrtYd) (width 0.05))
    (fp_line (start -0.602064 0.91) (end 0.602064 0.91) (layer F.SilkS) (width 0.12))
    (fp_line (start -0.602064 -0.91) (end 0.602064 -0.91) (layer F.SilkS) (width 0.12))
    (fp_line (start 1.6 0.8) (end -1.6 0.8) (layer F.Fab) (width 0.1))
    (fp_line (start 1.6 -0.8) (end 1.6 0.8) (layer F.Fab) (width 0.1))
    (fp_line (start -1.6 -0.8) (end 1.6 -0.8) (layer F.Fab) (width 0.1))
    (fp_line (start -1.6 0.8) (end -1.6 -0.8) (layer F.Fab) (width 0.1))
    (pad 2 smd roundrect (at 1.4875 0) (size 1.425 1.75) (layers F.Cu F.Paste F.Mask) (roundrect_rratio 0.175439)
      (net 1 GND))
    (pad 1 smd roundrect (at -1.4875 0) (size 1.425 1.75) (layers F.Cu F.Paste F.Mask) (roundrect_rratio 0.175439)
      (net 2 +3V3))
    (model ${KISYS3DMOD}/Capacitor_SMD.3dshapes/C_1206_3216Metric.wrl
      (at (xyz 0 0 0))
      (scale (xyz 1 1 1))
      (rotate (xyz 0 0 0))
    )
  )

  (module Capacitor_SMD:C_1206_3216Metric_Pad1.42x1.75mm_HandSolder (layer F.Cu) (tedit 5B301BBE) (tstamp 5C050B1C)
    (at 27.691001 42.299001)
    (descr "Capacitor SMD 1206 (3216 Metric), square (rectangular) end terminal, IPC_7351 nominal with elongated pad for handsoldering. (Body size source: http://www.tortai-tech.com/upload/download/2011102023233369053.pdf), generated with kicad-footprint-generator")
    (tags "capacitor handsolder")
    (path /5BEF7324)
    (attr smd)
    (fp_text reference C6 (at 0 -1.82) (layer F.SilkS)
      (effects (font (size 1 1) (thickness 0.15)))
    )
    (fp_text value 100n (at 0 1.82) (layer F.Fab)
      (effects (font (size 1 1) (thickness 0.15)))
    )
    (fp_text user %R (at 0 0) (layer F.Fab)
      (effects (font (size 0.8 0.8) (thickness 0.12)))
    )
    (fp_line (start 2.45 1.12) (end -2.45 1.12) (layer F.CrtYd) (width 0.05))
    (fp_line (start 2.45 -1.12) (end 2.45 1.12) (layer F.CrtYd) (width 0.05))
    (fp_line (start -2.45 -1.12) (end 2.45 -1.12) (layer F.CrtYd) (width 0.05))
    (fp_line (start -2.45 1.12) (end -2.45 -1.12) (layer F.CrtYd) (width 0.05))
    (fp_line (start -0.602064 0.91) (end 0.602064 0.91) (layer F.SilkS) (width 0.12))
    (fp_line (start -0.602064 -0.91) (end 0.602064 -0.91) (layer F.SilkS) (width 0.12))
    (fp_line (start 1.6 0.8) (end -1.6 0.8) (layer F.Fab) (width 0.1))
    (fp_line (start 1.6 -0.8) (end 1.6 0.8) (layer F.Fab) (width 0.1))
    (fp_line (start -1.6 -0.8) (end 1.6 -0.8) (layer F.Fab) (width 0.1))
    (fp_line (start -1.6 0.8) (end -1.6 -0.8) (layer F.Fab) (width 0.1))
    (pad 2 smd roundrect (at 1.4875 0) (size 1.425 1.75) (layers F.Cu F.Paste F.Mask) (roundrect_rratio 0.175439)
      (net 3 +5V))
    (pad 1 smd roundrect (at -1.4875 0) (size 1.425 1.75) (layers F.Cu F.Paste F.Mask) (roundrect_rratio 0.175439)
      (net 1 GND))
    (model ${KISYS3DMOD}/Capacitor_SMD.3dshapes/C_1206_3216Metric.wrl
      (at (xyz 0 0 0))
      (scale (xyz 1 1 1))
      (rotate (xyz 0 0 0))
    )
  )

  (module Capacitor_SMD:C_1206_3216Metric_Pad1.42x1.75mm_HandSolder (layer F.Cu) (tedit 5B301BBE) (tstamp 5C050B2D)
    (at 33.327001 95.991001)
    (descr "Capacitor SMD 1206 (3216 Metric), square (rectangular) end terminal, IPC_7351 nominal with elongated pad for handsoldering. (Body size source: http://www.tortai-tech.com/upload/download/2011102023233369053.pdf), generated with kicad-footprint-generator")
    (tags "capacitor handsolder")
    (path /5BF229E6)
    (attr smd)
    (fp_text reference C7 (at 0 -1.82) (layer F.SilkS)
      (effects (font (size 1 1) (thickness 0.15)))
    )
    (fp_text value 1u (at 0 1.82) (layer F.Fab)
      (effects (font (size 1 1) (thickness 0.15)))
    )
    (fp_line (start -1.6 0.8) (end -1.6 -0.8) (layer F.Fab) (width 0.1))
    (fp_line (start -1.6 -0.8) (end 1.6 -0.8) (layer F.Fab) (width 0.1))
    (fp_line (start 1.6 -0.8) (end 1.6 0.8) (layer F.Fab) (width 0.1))
    (fp_line (start 1.6 0.8) (end -1.6 0.8) (layer F.Fab) (width 0.1))
    (fp_line (start -0.602064 -0.91) (end 0.602064 -0.91) (layer F.SilkS) (width 0.12))
    (fp_line (start -0.602064 0.91) (end 0.602064 0.91) (layer F.SilkS) (width 0.12))
    (fp_line (start -2.45 1.12) (end -2.45 -1.12) (layer F.CrtYd) (width 0.05))
    (fp_line (start -2.45 -1.12) (end 2.45 -1.12) (layer F.CrtYd) (width 0.05))
    (fp_line (start 2.45 -1.12) (end 2.45 1.12) (layer F.CrtYd) (width 0.05))
    (fp_line (start 2.45 1.12) (end -2.45 1.12) (layer F.CrtYd) (width 0.05))
    (fp_text user %R (at 0 0) (layer F.Fab)
      (effects (font (size 0.8 0.8) (thickness 0.12)))
    )
    (pad 1 smd roundrect (at -1.4875 0) (size 1.425 1.75) (layers F.Cu F.Paste F.Mask) (roundrect_rratio 0.175439)
      (net 5 /ROT_A))
    (pad 2 smd roundrect (at 1.4875 0) (size 1.425 1.75) (layers F.Cu F.Paste F.Mask) (roundrect_rratio 0.175439)
      (net 1 GND))
    (model ${KISYS3DMOD}/Capacitor_SMD.3dshapes/C_1206_3216Metric.wrl
      (at (xyz 0 0 0))
      (scale (xyz 1 1 1))
      (rotate (xyz 0 0 0))
    )
  )

  (module Capacitor_SMD:C_1206_3216Metric_Pad1.42x1.75mm_HandSolder (layer F.Cu) (tedit 5B301BBE) (tstamp 5C050B3E)
    (at 27.691001 40.009001)
    (descr "Capacitor SMD 1206 (3216 Metric), square (rectangular) end terminal, IPC_7351 nominal with elongated pad for handsoldering. (Body size source: http://www.tortai-tech.com/upload/download/2011102023233369053.pdf), generated with kicad-footprint-generator")
    (tags "capacitor handsolder")
    (path /5B410ADA)
    (attr smd)
    (fp_text reference C8 (at 0 -1.82) (layer F.SilkS)
      (effects (font (size 1 1) (thickness 0.15)))
    )
    (fp_text value 100n (at 0 1.82) (layer F.Fab)
      (effects (font (size 1 1) (thickness 0.15)))
    )
    (fp_line (start -1.6 0.8) (end -1.6 -0.8) (layer F.Fab) (width 0.1))
    (fp_line (start -1.6 -0.8) (end 1.6 -0.8) (layer F.Fab) (width 0.1))
    (fp_line (start 1.6 -0.8) (end 1.6 0.8) (layer F.Fab) (width 0.1))
    (fp_line (start 1.6 0.8) (end -1.6 0.8) (layer F.Fab) (width 0.1))
    (fp_line (start -0.602064 -0.91) (end 0.602064 -0.91) (layer F.SilkS) (width 0.12))
    (fp_line (start -0.602064 0.91) (end 0.602064 0.91) (layer F.SilkS) (width 0.12))
    (fp_line (start -2.45 1.12) (end -2.45 -1.12) (layer F.CrtYd) (width 0.05))
    (fp_line (start -2.45 -1.12) (end 2.45 -1.12) (layer F.CrtYd) (width 0.05))
    (fp_line (start 2.45 -1.12) (end 2.45 1.12) (layer F.CrtYd) (width 0.05))
    (fp_line (start 2.45 1.12) (end -2.45 1.12) (layer F.CrtYd) (width 0.05))
    (fp_text user %R (at 0 0) (layer F.Fab)
      (effects (font (size 0.8 0.8) (thickness 0.12)))
    )
    (pad 1 smd roundrect (at -1.4875 0) (size 1.425 1.75) (layers F.Cu F.Paste F.Mask) (roundrect_rratio 0.175439)
      (net 1 GND))
